-0.0078125
-0.0078125
-0.0078125
0.0
-0.0078125
-0.0078125
-0.0078125
0.0
-0.0078125
-0.0078125
0.0
-0.0078125
0.0
-0.015625
0.0
0.0
0.0
-0.0078125
-0.0078125
0.0
-0.0078125
0.0
-0.0078125
-0.0078125
-0.0078125
-0.0078125
-0.0078125
-0.0078125
-0.0078125
-0.015625
-0.015625
-0.0078125
-0.0078125
-0.0078125
-0.0078125
0.0
0.0
0.0
-0.015625
-0.0078125
0.0
-0.0078125
-0.0078125
-0.0078125
-0.0078125
-0.0078125
0.0
-0.0078125
-0.0078125
0.0
-0.0078125
-0.015625
-0.015625
-0.0078125
-0.0078125
0.0
-0.015625
-0.0078125
-0.0078125
-0.0078125
-0.0078125
-0.0078125
-0.0078125
0.0
0.0
-0.0078125
0.0
0.0
-0.0078125
0.0
-0.0078125
0.0
-0.0078125
0.0
-0.0078125
0.0
-0.0078125
-0.0078125
-0.0078125
0.0
-0.0078125
0.0
-0.0078125
-0.0078125
-0.0078125
-0.0078125
-0.0078125
0.0
-0.0078125
0.0
-0.0078125
-0.0078125
-0.0078125
-0.015625
0.0
-0.015625
0.0
0.0
0.0078125
-0.0078125
0.0
-0.015625
-0.0078125
-0.015625
-0.0078125
-0.015625
0.0
-0.015625
-0.0078125
-0.0078125
-0.0078125
0.0
-0.0078125
0.0
-0.0078125
-0.0078125
-0.0078125
-0.015625
-0.0078125
-0.0078125
-0.0078125
-0.0078125
0.015625
0.0
-0.0078125
0.0
0.0
-0.015625
-0.0078125
-0.03125
0.0
-0.0078125
0.0078125
0.0
-0.0078125
0.0
-0.0078125
-0.0078125
-0.0078125
-0.0078125
-0.015625
0.0
-0.015625
0.0
-0.0078125
0.0
-0.0078125
0.0
-0.0078125
-0.0078125
-0.0234375
-0.0078125
-0.0078125
-0.0078125
-0.015625
-0.015625
-0.0078125
-0.015625
0.0
-0.0078125
-0.015625
0.0
-0.0078125
-0.0078125
-0.0234375
0.0
0.0
-0.0078125
-0.0078125
-0.0078125
0.0078125
0.0
-0.0078125
-0.0078125
-0.0078125
-0.0078125
-0.015625
0.0
0.0078125
-0.0078125
-0.015625
0.0
0.0
-0.0078125
-0.0078125
-0.0078125
-0.0078125
-0.015625
0.0078125
0.0
0.0
-0.0078125
-0.0078125
-0.0078125
0.0078125
0.0
-0.0078125
0.0
-0.015625
0.0
-0.0078125
0.0
-0.0078125
-0.0078125
-0.0234375
-0.0078125
-0.0078125
-0.03125
-0.0078125
0.0546875
-0.0078125
-0.0078125
-0.015625
0.0078125
-0.0078125
0.0
-0.0078125
0.0
-0.015625
-0.0234375
0.0234375
-0.0078125
-0.0078125
-0.015625
0.0
-0.0078125
-0.0078125
0.0
-0.015625
-0.0078125
0.0
-0.0234375
-0.0078125
-0.0078125
-0.0078125
0.0
0.0
0.0078125
-0.0078125
0.0
-0.0078125
0.0
0.0
0.0078125
-0.0078125
-0.015625
0.0
0.0
-0.0078125
0.0
-0.0078125
0.0
-0.0078125
0.0
-0.0078125
-0.015625
-0.0078125
-0.0078125
0.0
-0.015625
-0.0078125
-0.015625
-0.046875
-0.0078125
-0.0078125
-0.0078125
-0.0546875
-0.046875
-0.0078125
0.0078125
-0.015625
-0.015625
0.015625
-0.015625
-0.0078125
-0.0078125
-0.0078125
-0.0078125
0.015625
-0.03125
-0.0078125
0.0234375
0.0
0.0
0.0
-0.0234375
-0.015625
0.0
-0.0078125
-0.0078125
-0.0078125
-0.0078125
0.015625
-0.03125
-0.0859375
0.0
0.0859375
0.0
-0.0078125
0.078125
0.015625
0.0078125
-0.0078125
0.0078125
-0.0078125
0.015625
0.0
-0.109375
0.03125
-0.0078125
-0.0078125
-0.0234375
-0.015625
0.0
0.0
0.015625
-0.015625
0.0
0.03125
-0.03125
0.0
0.0625
0.2265625
0.0
-0.046875
-0.0234375
-0.0234375
-0.03125
0.0078125
0.015625
0.046875
-0.015625
-0.0078125
-0.046875
-0.0234375
-0.0078125
0.0078125
-0.015625
-0.0234375
0.0
0.0
-0.015625
-0.0078125
-0.0078125
-0.0390625
0.0234375
-0.0078125
-0.0546875
0.0078125
-0.0078125
-0.015625
-0.078125
-0.0078125
-0.0078125
-0.0078125
0.0546875
-0.0625
-0.0078125
0.203125
0.03125
-0.0234375
-0.046875
0.015625
0.0
0.0
-0.0078125
0.1484375
-0.0078125
0.0078125
0.3203125
0.0
-0.078125
-0.015625
0.0078125
0.0078125
0.0
-0.0078125
-0.0078125
0.1328125
-0.03125
0.0
-0.015625
-0.015625
-0.0234375
-0.21875
0.0234375
-0.0078125
0.0
0.0625
-0.0078125
-0.015625
-0.015625
-0.015625
-0.0390625
-0.1875
-0.0234375
0.0078125
-0.078125
0.0078125
-0.0078125
1.171875
-0.0078125
0.0234375
0.0
0.0546875
0.8359375
-0.0078125
-0.015625
-0.0625
0.40625
0.0
-0.0078125
-0.015625
-0.0078125
0.5703125
-0.015625
-0.015625
-0.0234375
0.0390625
-0.015625
0.015625
-0.3046875
-0.0078125
0.0078125
-0.0078125
-0.28125
0.2890625
0.0078125
0.359375
0.015625
-0.0078125
0.0
0.125
-0.03125
-0.015625
-0.0078125
0.109375
0.0
0.265625
0.0234375
-0.0703125
-0.0078125
0.0
-0.0078125
0.0078125
0.0078125
-0.2734375
0.0
-0.5234375
-0.0234375
0.03125
0.1015625
0.140625
-0.234375
-0.0078125
-0.0078125
-0.0078125
0.0390625
-0.015625
-0.1171875
0.09375
0.109375
0.015625
-0.078125
-0.0078125
-0.015625
0.0390625
0.0546875
0.265625
0.0234375
0.0078125
-0.03125
0.515625
-0.0078125
0.0703125
0.609375
0.0078125
0.171875
0.0
-0.0078125
-0.0078125
-0.0078125
-0.0546875
0.0
0.1484375
0.3671875
0.0
-0.03125
2.09375
0.0078125
-0.1640625
0.0
0.0625
0.0
-0.046875
-0.0078125
-0.0078125
0.0
0.09375
0.0078125
0.203125
-0.03125
-0.0078125
-0.046875
0.0078125
-0.0078125
0.03125
0.046875
0.046875
-0.0859375
-0.0390625
0.0
0.0625
-0.015625
-0.0078125
0.0859375
-0.0078125
0.015625
-0.0078125
0.015625
-0.015625
0.0
-0.0078125
-0.0078125
0.0
-0.015625
0.0078125
-0.03125
-0.015625
0.0078125
1.2890625
0.0
0.0703125
0.0
-0.015625
0.0
0.0
-0.0078125
-0.0078125
0.0
0.0
-0.0078125
-0.0078125
-0.0234375
-0.125
-0.0078125
-0.0078125
-0.0234375
-0.0078125
-0.109375
-0.015625
0.0
-0.234375
0.0
0.015625
0.03125
-0.015625
0.0703125
-0.015625
-0.0234375
-0.015625
-0.0078125
0.015625
0.015625
-0.0234375
-0.0078125
0.0
0.0
0.0234375
-0.0078125
-0.0078125
0.0
-0.4921875
-0.0390625
-0.0078125
0.0234375
0.015625
0.0
-0.0078125
-0.0078125
-0.015625
0.0
0.0078125
-0.0078125
-0.0078125
0.015625
0.0390625
-0.0078125
-0.0078125
-0.015625
-0.0234375
0.03125
-0.0078125
0.0
-0.0078125
-0.0078125
-0.0078125
0.0
-0.0234375
-0.0078125
-0.046875
-0.0078125
1.1484375
0.0
-0.0234375
-0.0078125
0.4140625
-0.015625
-0.0078125
0.0
0.0703125
-0.0078125
-0.0234375
0.0234375
0.0234375
-0.0078125
-0.0078125
-0.0078125
-0.0078125
-0.015625
0.0234375
0.0
-0.0078125
-0.0859375
0.03125
0.0
0.0
-0.0078125
0.0
0.0
-0.015625
0.0078125
-0.0078125
-0.0078125
-0.0078125
0.0
-0.0078125
0.0
-0.0078125
0.0
-0.0078125
-0.0078125
-0.0078125
-0.0078125
0.0
-0.0078125
-0.0078125
-0.015625
-0.0078125
-0.0078125
0.0
-0.0078125
-0.0078125
0.0
-0.0078125
0.1015625
0.0
-0.0078125
-0.0078125
-0.0078125
0.0
-0.0078125
-0.015625
-0.0078125
-0.0078125
-0.0078125
0.0
0.0078125
0.1015625
-0.0078125
-0.015625
0.0
-0.0078125
0.0
-0.0078125
-0.0078125
-0.0078125
0.0
-0.0078125
0.0
0.0
-0.0078125
0.015625
-0.0078125
0.0
-0.0078125
-0.0078125
-0.0078125
0.0
-0.03125
-0.0078125
-0.0078125
-0.015625
0.0
-0.0078125
-0.0078125
-0.0078125
-0.0078125
-0.0078125
0.0
-0.0078125
-0.0078125
-0.0234375
-0.0078125
-0.0078125
-0.0078125
-0.0078125
-0.0078125
-0.0078125
0.0
0.0
-0.0078125
-0.03125
-0.0078125
0.0
0.0078125
-0.015625
-0.0078125
0.0
-0.0078125
0.0
0.0234375
0.0
-0.015625
-0.0078125
-0.0078125
0.0
0.0
-0.0078125
0.0546875
0.0234375
-0.0078125
-0.0078125
-0.0078125
-0.0078125
-0.0078125
-0.0078125
0.0
-0.0078125
0.0234375
0.0
0.0078125
0.0
-0.0078125
0.2265625
-0.0078125
-0.0078125
-0.0078125
0.0
-0.0078125
-0.0078125
-0.0078125
0.0
0.0625
-0.0078125
-0.0078125
-0.0078125
-0.0078125
0.0
0.0
-0.0078125
0.0
-0.0078125
-0.0078125
0.0078125
-0.0078125
-0.0078125
0.0
-0.0078125
0.0
-0.0078125
-0.0078125
0.0
-0.0078125
0.0
-0.0078125
-0.0078125
-0.0078125
0.0
-0.0078125
-0.0078125
-0.0078125
0.0
-0.0078125
-0.0078125
-0.0078125
0.0
-0.0078125
-0.0078125
0.0
-0.0078125
0.0
0.0
-0.0078125
-0.0078125
0.0
0.0
0.0
-0.0234375
-0.0078125
-0.0078125
0.0
-0.0078125
0.0
0.0
0.0
-0.0078125
0.0
-0.0078125
-0.0078125
-0.0078125
-0.0078125
-0.0078125
0.0
0.0
-0.0078125
-0.0078125
-0.0078125
-0.0078125
-0.0078125
0.0
-0.0078125
0.0
-0.0078125
-0.0078125
-0.0078125
-0.0078125
-0.0078125
0.0546875
-0.0078125
-0.0078125
-0.0078125
-0.0078125
0.0
-0.0078125
0.0
0.2109375
-0.0078125
0.0
0.0
-0.0078125
0.0
-0.0078125
-0.0078125
-0.0078125
-0.0078125
0.0546875
-0.0078125
-0.0078125
-0.0078125
-0.0078125
-0.0078125
0.0
-0.0078125
-0.0078125
-0.0078125
-0.0078125
-0.0078125
-0.0078125
-0.015625
0.0078125
-0.0078125
0.0390625
-0.0078125
0.0
-0.0078125
0.0234375
-0.0078125
-0.0078125
-0.0078125
-0.0078125
0.0078125
-0.0078125
-0.0078125
-0.0078125
-0.0078125
0.125
-0.0078125
-0.0078125
0.0
-0.015625
-0.0078125
-0.0078125
0.0
0.0
-0.0078125
-0.0078125
-0.0078125
-0.0078125
-0.0078125
0.0
-0.0078125
-0.0078125
0.0
-0.0078125
-0.0078125
-0.0078125
-0.0078125
-0.0078125
0.0
-0.0078125
-0.0078125
-0.0078125
-0.0078125
-0.015625
0.0
0.0
-0.0078125
-0.0078125
0.015625
0.0
-0.0078125
0.0
-0.0078125
-0.0078125
0.0
-0.0078125
-0.0078125
-0.0078125
0.0
0.0
0.0078125
-0.0078125
0.0
-0.0078125
-0.0078125
0.015625
0.0
-0.0078125
0.0
0.0
-0.0078125
0.0
0.0078125
-0.0078125
-0.015625
-0.0078125
-0.0078125
0.0234375
0.0
0.0
0.0078125
0.0
-0.03125
-0.0078125
-0.0078125
-0.0078125
0.015625
-0.015625
0.0
-0.0078125
-0.0078125
0.015625
-0.0078125
-0.0078125
-0.0078125
-0.0078125
-0.015625
-0.0078125
-0.0078125
0.0
-0.0078125
0.1484375
-0.0078125
0.0
0.0
0.0
0.0
0.0
-0.015625
-0.015625
-0.0078125
0.0078125
-0.0078125
-0.0078125
-0.0078125
0.0
0.0
-0.0078125
0.0
0.0
-0.0078125
0.0
0.0
-0.0078125
0.0
0.0
-0.0078125
0.0
-0.0078125
-0.0078125
0.0
0.0
-0.0078125
-0.0078125
-0.0078125
0.0078125
-0.0078125
-0.0078125
-0.0078125
0.0
-0.0078125
0.0
-0.0078125
-0.0078125
-0.0078125
-0.0078125
-0.0078125
0.0
-0.0078125
0.0
-0.0078125
-0.0078125
0.0
0.0
0.0
-0.0078125
0.0
-0.0078125
0.0625
0.0
-0.0078125
-0.015625
0.0546875
